_C_53fa0236_0 8c 0 68 0 0 2e6c6f67 0 616e6379 0 63637570 0 6f 
_C_648757f7_0 8c 0 98 0 0 2c202564 0 2c202564 0 64202564 0 65697665 0 526563 
_C_508a1dc1_0 8c 0 f0 0 0 72202564 0 20616464 0 64206174 0 64652025 0 6f206e6f 0 6e672074 0 706c7969 0 5265 
_C_5864691_0 8c 0 80 0 0 73696e67 0 20706172 0 73686564 0 46696e69 
_C_84656e5d_0 8c 0 70 0 0 61696c73 0 6e792066 0 6f206d61 0 546f 
_C_e1529cc2_0 8c 0 68 0 0 7469636b 0 76656420 0 65636569 0 52 
_C_5da533ac_0 8c 0 160 0 0 74202564 0 20646573 0 2025642c 0 75726365 0 2c20736f 0 72202564 0 20616464 0 2025642c 0 20627274 0 69766564 0 52656365 
_C_ce602389_0 8c 0 8 0 0 77 
_C_31edcbad_0 8c 0 90 0 0 73686564 0 66696e69 0 696e6720 0 6d657468 0 536f 
_C_c6559839_0 8c 0 f8 0 0 69626c65 0 68656e73 0 6d707265 0 6720636f 0 7468696e 0 64206e6f 0 65697665 0 526563 
_C_3f49355b_0 8c 0 140 0 0 20253064 0 706f7274 0 206f6e20 0 6e696e67 0 69737465 0 6e64206c 0 65642061 0 74617274 0 65722073 0 53657276 
_C_b4c07857_0 8c 0 20 0 0 5469636b 
_C_e2408ac7_0 94 0 20 0 0 3039 
_C_eb2a0856_0 8c 0 90 0 0 74696f6e 0 6e6e6563 0 6720636f 0 6f73696e 0 436c 
_C_110f4aab_0 8c 0 58 0 0 3a202564 0 75657374 0 526571 
_C_896f680b_0 94 0 20 0 0 4740 
_C_afb4b9d3_0 8c 0 b8 0 0 69656e74 0 6f20636c 0 6e742074 0 65207365 0 706f6e73 0 526573 
_C_6600f855_0 84 0 110 0 0 ffffffff 0 ffffffff 0 ffffffff 0 ffffffff 0 ffffffff 0 ffffffff 0 ffffffff 0 ffffffff 0 ffff 
_C_7373384f_0 8c 0 108 0 0 20253064 0 706f7274 0 206f6e20 0 636b6574 0 6e20736f 0 206f7065 0 6420746f 0 61696c65 0 46 
_C_8407a469_0 8c 0 c8 0 0 742e2e2e 0 6e6e6563 0 6572636f 0 20696e74 0 74696e67 0 65736574 0 52 
_C_aa92bd24_0 8c 0 58 0 0 2e2e2e2e 0 64696e67 0 53656e 
_C_9d562d3d_0 8c 0 d8 0 0 74696f6e 0 6e6e6563 0 7420636f 0 63636570 0 746f2061 0 6c656420 0 466169 
_C_c69c61d9_0 84 0 240 0 0 ffffffff 0 ffffffff 0 ffffffff 0 ffffffff 0 ffffffff 0 ffffffff 0 ffffffff 0 ffffffff 0 ffffffff 0 ffffffff 0 ffffffff 0 ffffffff 0 ffffffff 0 ffffffff 0 ffffffff 0 ffffffff 0 ffffffff 0 ffffffff 
_C_15060b01_0 84 0 10 0 0 0 
_C_9884d985_0 8c 0 108 0 0 69656e74 0 6f20636c 0 73652074 0 73706f6e 0 64207265 0 2073656e 0 6420746f 0 61696c65 0 46 
_C_12c510ce_0 8c 0 98 0 0 64202564 0 74682025 0 67207769 0 6c79696e 0 526570 
_C_e7714eb2_0 8c 0 c0 0 0 642e2e2e 0 6d6d616e 0 7420636f 0 20717569 0 69766564 0 52656365 
_C_d0c3e6a0_0 94 0 30 0 0 0 0 0 
_C_b35bc3_0 84 0 20 0 0 0 
_C_e7924eb3_0 8c 0 80 0 0 61727365 0 746f2070 0 696e6720 0 57616974 
_C_86e32a03_0 8c 0 80 0 0 63746564 0 6f6e6e65 0 6e742063 0 436c6965 
_C_e83d2a85_0 84 0 28 0 0 0 0 0 
_C_a32421cd_0 8c 0 b8 0 0 2c202564 0 2c202564 0 2c202564 0 64202564 0 65697665 0 526563 
_C_1c855cb8_0 94 0 20 0 0 4 
_C_16e2aa76_0 94 0 20 0 0 5 
_C_84ab124_0 94 0 20 0 0 6 
_C_22d47ea_0 94 0 20 0 0 7 
_C_351a8780_0 94 0 20 0 0 0 
_C_3f7d714e_0 94 0 20 0 0 1 
_C_21d56a1c_0 94 0 20 0 0 2 
_C_2bb29cd2_0 94 0 20 0 0 3 
_C_25a87151_0 84 0 3c 0 0 0 0 0 
